1741402754481.0
1741403180481.0
1.4749261284459123e-02
7000000000
7000000000
7000000000
-8.6494004000009006e-01
-4.3937495150673953e-04
 1.9503664257635782e-06
-2.1627204692759733e-09
-1.3906084832979386e-12
 1.0877165988785788e-14
-9.8148502648572924e-18
-1.1421365459341177e-02
-5.5746536784421065e-04
 6.6852547947549553e-07
 4.3613972496512350e-10
-4.1238324814875372e-12
 1.3878254644872174e-14
-1.1938239416129698e-17
 9.9021355509224487e-02
 8.2015246641112174e-04
-1.0205249641072318e-06
-1.1900992315443941e-09
 9.5557679671965423e-12
-1.6649148693168211e-14
 1.0646242508778277e-17
